	A1	A2	A3	A4	A5	A6	A7	A8	A9	A10	A11	A12	A13	A14	A15	A16	A17	A18	A19	A20	A21	A22	A23	A24	A25	A26	A27	A28	A29	A30	A31	A32	A33	A34	A35	A36	A37	A38	A39	A40	A41	A42	A43	A44	A45	A46	A47	A48	A49	A50
A1	0.0	0.15630363	0.16982898300000002	0.179777978	0.193027303	0.161068107	0.214545455	0.42567056700000006	0.483960396	0.491761176	0.572781278	0.518031803	0.540534053	0.49419742	0.8806600659999999	0.8990939090000001	0.90520252	0.9459705970000001	0.920228023	0.940894089	0.940522052	0.931377138	0.9806900690000001	0.998835884	0.914587459	0.9127392740000001	0.944326433	0.972853285	0.97680168	0.9533273329999999	0.97080108	0.967920792	0.8672667270000001	0.926072607	0.968928893	0.95979598	0.957215722	0.92309631	0.913663366	0.926660666	0.573369337	0.594731473	0.544974497	0.59759976	0.545622562	0.584314431	0.563048305	0.556927693	0.515139514	0.528040804
A2	0.15630363	0.0	0.162676268	0.188454845	0.182730273	0.199687969	0.21429342899999998	0.48831683200000003	0.49089709	0.504362436	0.586318632	0.50760276	0.56390039	0.524980498	0.7955115509999999	0.872859286	0.818781878	0.8056645659999999	0.863450345	0.914467447	0.995919592	0.9872787279999999	0.928028803	0.888676868	0.977869787	0.999567957	0.98310231	0.901950195	0.9494629459999999	0.9199639959999999	0.9789618959999999	0.956879688	0.869150915	0.891221122	0.916675668	0.9217881790000001	0.913915392	0.868874887	0.8429162920000001	0.918427843	0.49389739	0.483708371	0.533921392	0.492253225	0.483168317	0.53920192	0.504518452	0.5123192320000001	0.498061806	0.448388839
A3	0.16982898300000002	0.162676268	0.0	0.173069307	0.167056706	0.154167417	0.215109511	0.434155416	0.47071107100000004	0.487236724	0.5409180920000001	0.489192919	0.5179717970000001	0.495709571	0.859657966	0.871551155	0.862046205	0.890225023	0.87270327	0.953651365	0.98520252	0.962940294	0.95459946	0.9688688870000001	0.9526432640000001	0.940846085	0.935493549	0.9879627959999999	0.994947495	0.9416381640000001	0.9692889290000001	0.9723132309999999	0.872451245	0.9180078009999999	0.91369937	0.95369937	0.918319832	0.91960396	0.872967297	0.9442184220000001	0.556519652	0.580630063	0.576453645	0.5420702070000001	0.5419982	0.636387639	0.54520252	0.57110111	0.582166217	0.525844584
A4	0.179777978	0.188454845	0.173069307	0.0	0.16542454199999998	0.14340234	0.18568256800000002	0.381806181	0.464746475	0.429462946	0.482640264	0.459885989	0.46966696700000005	0.454605461	0.844656466	0.8842724270000001	0.8725112509999999	0.900090009	0.92540054	0.986138614	0.954179418	0.867494749	0.9815781579999999	0.941254125	0.868346835	0.893621362	0.8897929790000001	0.980966097	0.936825683	0.9364896490000001	0.94949895	0.943846385	0.8571137109999999	0.919975998	0.96390039	0.9898229820000001	0.963240324	0.9151635159999999	0.870423042	0.948646865	0.534485449	0.5596159620000001	0.523972397	0.567368737	0.48450045	0.618481848	0.541086109	0.543942394	0.544182418	0.52320432
A5	0.193027303	0.182730273	0.167056706	0.16542454199999998	0.0	0.141578158	0.19197119699999998	0.5265166520000001	0.530225023	0.501362136	0.568544854	0.52440444	0.557563756	0.567944794	0.9557875790000001	0.958331833	0.9517071709999999	0.9561236120000001	0.987038704	0.9980318029999999	0.967764776	0.892853285	0.9549834979999999	0.971713171	0.8659105909999999	0.930165017	0.91259526	0.97530153	0.894221422	0.8883888390000001	0.923624362	0.8869966999999999	0.8561056109999999	0.885472547	0.8888568859999999	0.9159675970000001	0.902874287	0.8732553259999999	0.8370117009999999	0.921680168	0.528892889	0.5703330329999999	0.577065707	0.5751335129999999	0.549558956	0.611293129	0.5765256529999999	0.555415542	0.560348035	0.49900990100000003
A6	0.161068107	0.199687969	0.154167417	0.14340234	0.141578158	0.0	0.160084008	0.42846684700000004	0.500870087	0.45400540100000003	0.547794779	0.475991599	0.517215722	0.501482148	0.8805280529999999	0.915031503	0.8820162020000001	0.931725173	0.94679868	0.9985358540000001	0.909162916	0.8616861690000001	0.996231623	0.975277528	0.8526372640000001	0.9045424540000001	0.888952895	0.99549955	0.969816982	0.977569757	0.957347735	0.988946895	0.92570057	0.9315571559999999	0.986774677	0.987170717	0.9886708670000001	0.9632283229999999	0.959543954	0.988694869	0.530693069	0.571785179	0.545550555	0.577713771	0.50019802	0.605580558	0.567548755	0.563768377	0.539369937	0.500390039
A7	0.214545455	0.21429342899999998	0.215109511	0.18568256800000002	0.19197119699999998	0.160084008	0.0	0.496453645	0.553747375	0.543834383	0.628274827	0.577353735	0.58319832	0.5623762379999999	0.93419742	0.9416741670000001	0.917059706	0.92330033	0.9735373540000001	0.985622562	0.9637803779999999	0.913183318	0.965280528	0.971845185	0.922532253	0.9114911490000001	0.8841404140000001	0.966516652	0.992319232	0.976465647	0.996687669	0.9902430240000001	0.914179418	0.953375338	0.9510231020000001	0.971941194	0.9945394540000001	0.911359136	0.92609661	0.995151515	0.502586259	0.534017402	0.49914191399999996	0.55930393	0.500990099	0.540594059	0.5290009	0.5134233420000001	0.513159316	0.506810681
A8	0.42567056700000006	0.48831683200000003	0.434155416	0.381806181	0.5265166520000001	0.42846684700000004	0.496453645	0.0	0.17381338100000002	0.206564656	0.202052205	0.216057606	0.21221722199999998	0.172781278	0.5256885689999999	0.54670267	0.5405820579999999	0.590279028	0.575877588	0.872427243	0.877647765	0.945274527	0.879687969	0.933741374	0.954083408	0.850177018	0.9468946890000001	0.894917492	0.936669667	0.96860486	0.985886589	0.983546355	0.904314431	0.874227423	0.984914491	0.9279567959999999	0.9419982	0.8594419440000001	0.899237924	0.924656466	0.821146115	0.836627663	0.799771977	0.8850765079999999	0.8094449440000001	0.869978998	0.815577558	0.845016502	0.824326433	0.765532553
A9	0.483960396	0.49089709	0.47071107100000004	0.464746475	0.530225023	0.500870087	0.553747375	0.17381338100000002	0.0	0.19007500800000002	0.162064206	0.183486349	0.217473747	0.214761476	0.505418542	0.5250765079999999	0.480552055	0.5216681670000001	0.518031803	0.817221722	0.8028562859999999	0.825142514	0.775721572	0.7954875490000001	0.841812181	0.7456585659999999	0.877575758	0.811017102	0.8746234620000001	0.9020342029999999	0.9859945990000001	0.899633963	0.9620282029999999	0.913279328	0.974257426	0.965148515	0.953843384	0.903486349	0.9135073509999999	0.983042304	0.8794239420000001	0.918631863	0.91549955	0.934149415	0.88819682	0.9314371440000001	0.87390339	0.9332253229999999	0.865922592	0.831467147
A10	0.491761176	0.504362436	0.487236724	0.429462946	0.501362136	0.45400540100000003	0.543834383	0.206564656	0.19007500800000002	0.0	0.160144014	0.17288928899999997	0.23609961	0.195775578	0.558871887	0.566408641	0.514407441	0.550027003	0.553183318	0.83939994	0.895625563	0.8939093909999999	0.8085448540000001	0.825178518	0.89650165	0.759087909	0.891545155	0.857221722	0.916747675	0.9446384640000001	0.993735374	0.958427843	0.937929793	0.891977198	0.988358836	0.949978998	0.9354335429999999	0.873723372	0.879579958	0.968520852	0.87660366	0.9502190220000001	0.907278728	0.93620162	0.9017701770000001	0.961680168	0.888412841	0.9289288929999999	0.91570357	0.8580378040000001
A11	0.572781278	0.586318632	0.5409180920000001	0.482640264	0.568544854	0.547794779	0.628274827	0.202052205	0.162064206	0.160144014	0.0	0.17388538899999997	0.217449745	0.152355236	0.5057785779999999	0.498241824	0.500810081	0.516627663	0.526612661	0.8669666970000001	0.8725832579999999	0.912667267	0.821854185	0.82910291	0.9087908790000001	0.785970597	0.912727273	0.8724632459999999	0.9596639659999999	0.937449745	0.966060606	0.932061206	0.963276328	0.910339034	0.919375938	0.9977677770000001	0.943738374	0.961368137	0.9146114609999999	0.9711251129999999	0.934173417	0.998559856	0.9576357640000001	0.9904590459999999	0.951587159	0.987482748	0.952283228	0.9779177920000001	0.9664566459999999	0.921272127
A12	0.518031803	0.50760276	0.489192919	0.459885989	0.52440444	0.475991599	0.577353735	0.216057606	0.183486349	0.17288928899999997	0.17388538899999997	0.0	0.191539154	0.205688569	0.472091209	0.5119591960000001	0.432883288	0.49291329100000003	0.448748875	0.8412241220000001	0.849852985	0.851629163	0.828130813	0.7980438040000001	0.8627662770000001	0.752751275	0.879771977	0.855877588	0.924956496	0.937665767	0.977221722	0.959615962	0.98529853	0.89230123	0.953351335	0.99909991	0.982334233	0.91450345	0.9241284129999999	0.977749775	0.944746475	0.973525353	0.9910111009999999	0.974173417	0.9423942390000001	0.986318632	0.987758776	0.988310831	0.971017102	0.904638464
A13	0.540534053	0.56390039	0.5179717970000001	0.46966696700000005	0.557563756	0.517215722	0.58319832	0.21221722199999998	0.217473747	0.23609961	0.217449745	0.191539154	0.0	0.207392739	0.544122412	0.599375938	0.523528353	0.513819382	0.5521632160000001	0.848520852	0.87169517	0.909186919	0.856417642	0.9541314129999999	0.905334533	0.8477287729999999	0.9606720670000001	0.896993699	0.9246084609999999	0.9004860490000001	0.976717672	0.9778817879999999	0.986078608	0.9293369340000001	0.981062106	0.981446145	0.9550915090000001	0.9083588359999999	0.909618962	0.9664566459999999	0.953483348	0.992427243	0.9737893790000001	0.986834683	0.978049805	0.9865946590000001	0.9975637559999999	0.9938193820000001	0.943030303	0.921776178
A14	0.49419742	0.524980498	0.495709571	0.454605461	0.567944794	0.501482148	0.5623762379999999	0.172781278	0.214761476	0.195775578	0.152355236	0.205688569	0.207392739	0.0	0.542442244	0.548358836	0.505634563	0.56350435	0.544470447	0.850513051	0.912115212	0.882448245	0.8649384940000001	0.87660366	0.9498829879999999	0.825526553	0.902694269	0.900438044	0.9916591659999999	0.965652565	0.929084908	0.993975398	0.970045005	0.924884488	0.91889589	0.933045305	0.925124512	0.9671767179999999	0.916747675	0.990951095	0.971485149	0.9562436240000001	0.91840384	0.9807260729999999	0.9436783679999999	0.9502910290000001	0.986270627	0.961980198	0.899429943	0.885616562
A15	0.8806600659999999	0.7955115509999999	0.859657966	0.844656466	0.9557875790000001	0.8805280529999999	0.93419742	0.5256885689999999	0.505418542	0.558871887	0.5057785779999999	0.472091209	0.544122412	0.542442244	0.0	0.268406841	0.211137114	0.200852085	0.260474047	0.552379238	0.552931293	0.586738674	0.583342334	0.531353135	0.52780078	0.471683168	0.523636364	0.577077708	0.9223402340000001	0.912679268	0.9249684970000001	0.892985299	0.946714671	0.954575458	0.9645364540000001	0.9611401140000001	0.890549055	0.912847285	0.91750375	0.930453045	0.981218122	0.9864626459999999	0.9986558659999999	0.971077108	0.922820282	0.9655565559999999	0.903762376	0.979861986	0.972037204	0.946570657
A16	0.8990939090000001	0.872859286	0.871551155	0.8842724270000001	0.958331833	0.915031503	0.9416741670000001	0.54670267	0.5250765079999999	0.566408641	0.498241824	0.5119591960000001	0.599375938	0.548358836	0.268406841	0.0	0.276855686	0.293369337	0.27779177899999996	0.603744374	0.5989318929999999	0.658409841	0.633015302	0.524668467	0.568412841	0.525664566	0.59469547	0.5927152720000001	0.926660666	0.988274827	0.980966097	0.988070807	0.949654965	0.942262226	0.951011101	0.9907110709999999	0.947818782	0.994419442	0.9779177920000001	0.961812181	0.994011401	0.998415842	0.9898229820000001	0.95009901	0.962472247	0.977149715	0.885736574	0.937713771	0.9802580259999999	0.96279628
A17	0.90520252	0.818781878	0.862046205	0.8725112509999999	0.9517071709999999	0.8820162020000001	0.917059706	0.5405820579999999	0.480552055	0.514407441	0.500810081	0.432883288	0.523528353	0.505634563	0.211137114	0.276855686	0.0	0.152787279	0.169420942	0.59120312	0.597923792	0.629126913	0.58469847	0.52309631	0.5919351939999999	0.5016381639999999	0.603936394	0.619693969	0.973177318	0.914467447	0.9643324329999999	0.998247825	0.9632643259999999	0.980654065	0.959327933	0.96660066	0.916291629	0.924872487	0.947446745	0.978277828	0.989582958	0.968892889	0.93860186	0.9369936990000001	0.97809781	0.973645365	0.952583258	0.99630363	0.9735373540000001	0.959255926
A18	0.9459705970000001	0.8056645659999999	0.890225023	0.900090009	0.9561236120000001	0.931725173	0.92330033	0.590279028	0.5216681670000001	0.550027003	0.516627663	0.49291329100000003	0.513819382	0.56350435	0.200852085	0.293369337	0.152787279	0.0	0.22131413100000003	0.562964296	0.562208221	0.576093609	0.546078608	0.475679568	0.505346535	0.480264026	0.5371617160000001	0.561068107	0.998415842	0.9450705070000001	0.9783378340000001	0.991551155	0.9787698770000001	0.990219022	0.9907110709999999	0.966384638	0.947554755	0.95990399	0.9767056709999999	0.9452145209999999	0.982670267	0.985418542	0.9871587159999999	0.898169817	0.9809060909999999	0.936153615	0.94529853	0.999051905	0.9902910290000001	0.9298169820000001
A19	0.920228023	0.863450345	0.87270327	0.92540054	0.987038704	0.94679868	0.9735373540000001	0.575877588	0.518031803	0.553183318	0.526612661	0.448748875	0.5521632160000001	0.544470447	0.260474047	0.27779177899999996	0.169420942	0.22131413100000003	0.0	0.63549955	0.644740474	0.652073207	0.640792079	0.585046505	0.59720372	0.494461446	0.625946595	0.650561056	0.9987398740000001	0.9571077109999999	0.998175818	0.98049805	0.957839784	0.958451845	0.948190819	0.938217822	0.9890909090000001	0.97929793	0.997923792	0.920228023	0.9467386740000001	0.946810681	0.9069186920000001	0.96759676	0.983270327	0.9932313229999999	0.9641644159999999	0.9595319529999999	0.9393819379999999	0.9819982
A20	0.940894089	0.914467447	0.953651365	0.986138614	0.9980318029999999	0.9985358540000001	0.985622562	0.872427243	0.817221722	0.83939994	0.8669666970000001	0.8412241220000001	0.848520852	0.850513051	0.552379238	0.603744374	0.59120312	0.562964296	0.63549955	0.0	0.19474347399999997	0.231851185	0.191335134	0.21749775	0.21070507100000002	0.22388238800000002	0.176705671	0.160552055	0.594275428	0.571125113	0.566540654	0.588154815	0.9918631859999999	0.9511551159999999	0.9448184820000001	0.9239963999999999	0.981014101	0.942346235	0.892781278	0.9717611759999999	0.774653465	0.792883288	0.821170117	0.879927993	0.847392739	0.8424602459999999	0.917023702	0.851845185	0.81059706	0.8761356140000001
A21	0.940522052	0.995919592	0.98520252	0.954179418	0.967764776	0.909162916	0.9637803779999999	0.877647765	0.8028562859999999	0.895625563	0.8725832579999999	0.849852985	0.87169517	0.912115212	0.552931293	0.5989318929999999	0.597923792	0.562208221	0.644740474	0.19474347399999997	0.0	0.21381338100000002	0.203492349	0.24036003600000003	0.20104410399999997	0.210633063	0.20121212100000002	0.18919892	0.581482148	0.547662766	0.547026703	0.5592799279999999	0.964272427	0.915607561	0.940930093	0.9168916890000001	0.989978998	0.9967356740000001	0.877971797	0.948082808	0.76360036	0.820678068	0.763936394	0.8900090009999999	0.846228623	0.792019202	0.9163636359999999	0.838427843	0.7578397840000001	0.853621362
A22	0.931377138	0.9872787279999999	0.962940294	0.867494749	0.892853285	0.8616861690000001	0.913183318	0.945274527	0.825142514	0.8939093909999999	0.912667267	0.851629163	0.909186919	0.882448245	0.586738674	0.658409841	0.629126913	0.576093609	0.652073207	0.231851185	0.21381338100000002	0.0	0.255517552	0.231251125	0.226450645	0.239939994	0.18436243600000002	0.20950495	0.626330633	0.6220582060000001	0.586450645	0.611089109	0.94439844	0.915715572	0.9941914190000001	0.909666967	0.9194119409999999	0.9550915090000001	0.871023102	0.9066186620000001	0.7252565259999999	0.7751935190000001	0.746138614	0.843720372	0.7943114309999999	0.789666967	0.8798919890000001	0.8294869490000001	0.7447584759999999	0.8402880290000001
A23	0.9806900690000001	0.928028803	0.95459946	0.9815781579999999	0.9549834979999999	0.996231623	0.965280528	0.879687969	0.775721572	0.8085448540000001	0.821854185	0.828130813	0.856417642	0.8649384940000001	0.583342334	0.633015302	0.58469847	0.546078608	0.640792079	0.191335134	0.203492349	0.255517552	0.0	0.22766276600000002	0.23093909399999998	0.204512451	0.20590459	0.179033903	0.627722772	0.611413141	0.627194719	0.610405041	0.932613261	0.857137714	0.975361536	0.8807440740000001	0.9928832879999999	0.937245725	0.852373237	0.924332433	0.822346235	0.822970297	0.8034923490000001	0.8579297929999999	0.86439844	0.859093909	0.972589259	0.8622142209999999	0.791347135	0.894065407
A24	0.998835884	0.888676868	0.9688688870000001	0.941254125	0.971713171	0.975277528	0.971845185	0.933741374	0.7954875490000001	0.825178518	0.82910291	0.7980438040000001	0.9541314129999999	0.87660366	0.531353135	0.524668467	0.52309631	0.475679568	0.585046505	0.21749775	0.24036003600000003	0.231251125	0.22766276600000002	0.0	0.18371437100000002	0.21240924100000003	0.157143714	0.21974197399999998	0.7081788179999999	0.658277828	0.7095709570000001	0.630531053	0.9187278729999999	0.836387639	0.985238524	0.887272727	0.98079808	0.933513351	0.8672307229999999	0.910447045	0.8446204620000001	0.8103330329999999	0.820078008	0.964356436	0.898013801	0.87189919	0.93989799	0.892745275	0.829894989	0.95409541
A25	0.914587459	0.977869787	0.9526432640000001	0.868346835	0.8659105909999999	0.8526372640000001	0.922532253	0.954083408	0.841812181	0.89650165	0.9087908790000001	0.8627662770000001	0.905334533	0.9498829879999999	0.52780078	0.568412841	0.5919351939999999	0.505346535	0.59720372	0.21070507100000002	0.20104410399999997	0.226450645	0.23093909399999998	0.18371437100000002	0.0	0.176633663	0.17261326100000002	0.22108610899999998	0.681368137	0.684584458	0.653645365	0.649192919	0.871467147	0.86559856	0.987494749	0.87270327	0.999051905	0.95259526	0.863378338	0.909474947	0.782130213	0.8060846079999999	0.7817821779999999	0.8406240620000001	0.872523252	0.820042004	0.9105790579999999	0.813525353	0.789474947	0.882652265
A26	0.9127392740000001	0.999567957	0.940846085	0.893621362	0.930165017	0.9045424540000001	0.9114911490000001	0.850177018	0.7456585659999999	0.759087909	0.785970597	0.752751275	0.8477287729999999	0.825526553	0.471683168	0.525664566	0.5016381639999999	0.480264026	0.494461446	0.22388238800000002	0.210633063	0.239939994	0.204512451	0.21240924100000003	0.176633663	0.0	0.15750375	0.222826283	0.6258865889999999	0.6538253829999999	0.649216922	0.659513951	0.873147315	0.872139214	0.9975877590000001	0.904062406	0.999711971	0.906294629	0.900654065	0.909162916	0.701650165	0.769252925	0.709810981	0.7626642659999999	0.7819861990000001	0.747950795	0.8574617459999999	0.7460786079999999	0.6801800179999999	0.788682868
A27	0.944326433	0.98310231	0.935493549	0.8897929790000001	0.91259526	0.888952895	0.8841404140000001	0.9468946890000001	0.877575758	0.891545155	0.912727273	0.879771977	0.9606720670000001	0.902694269	0.523636364	0.59469547	0.603936394	0.5371617160000001	0.625946595	0.176705671	0.20121212100000002	0.18436243600000002	0.20590459	0.157143714	0.17261326100000002	0.15750375	0.0	0.176609661	0.584458446	0.575709571	0.5664206420000001	0.579621962	0.9180918090000001	0.861782178	0.9841344129999999	0.874167417	0.975181518	0.918667867	0.8499849979999999	0.91369937	0.6989618959999999	0.764632463	0.762592259	0.820594059	0.812121212	0.788838884	0.8710111009999999	0.770417042	0.72960096	0.814473447
A28	0.972853285	0.901950195	0.9879627959999999	0.980966097	0.97530153	0.99549955	0.966516652	0.894917492	0.811017102	0.857221722	0.8724632459999999	0.855877588	0.896993699	0.900438044	0.577077708	0.5927152720000001	0.619693969	0.561068107	0.650561056	0.160552055	0.18919892	0.20950495	0.179033903	0.21974197399999998	0.22108610899999998	0.222826283	0.176609661	0.0	0.596027603	0.637875788	0.639051905	0.585466547	0.890021002	0.9255805579999999	0.99049505	0.8775397540000001	0.957479748	0.935505551	0.838955896	0.9061866190000001	0.743918392	0.850213021	0.780450045	0.8776837679999999	0.8291149109999999	0.849732973	0.931077108	0.8317431740000001	0.7818181820000001	0.86079808
A29	0.97680168	0.9494629459999999	0.994947495	0.936825683	0.894221422	0.969816982	0.992319232	0.936669667	0.8746234620000001	0.916747675	0.9596639659999999	0.924956496	0.9246084609999999	0.9916591659999999	0.9223402340000001	0.926660666	0.973177318	0.998415842	0.9987398740000001	0.594275428	0.581482148	0.626330633	0.627722772	0.7081788179999999	0.681368137	0.6258865889999999	0.584458446	0.596027603	0.0	0.17628562899999997	0.184278428	0.200756076	0.552487249	0.60570057	0.530369037	0.637863786	0.567356736	0.535109511	0.6510291029999999	0.555739574	0.930765077	0.997407741	0.978829883	0.9437143709999999	0.9598199820000001	0.934869487	0.954779478	0.9440144009999999	0.904890489	0.986654665
A30	0.9533273329999999	0.9199639959999999	0.9416381640000001	0.9364896490000001	0.8883888390000001	0.977569757	0.976465647	0.96860486	0.9020342029999999	0.9446384640000001	0.937449745	0.937665767	0.9004860490000001	0.965652565	0.912679268	0.988274827	0.914467447	0.9450705070000001	0.9571077109999999	0.571125113	0.547662766	0.6220582060000001	0.611413141	0.658277828	0.684584458	0.6538253829999999	0.575709571	0.637875788	0.17628562899999997	0.0	0.17509751	0.254521452	0.57269727	0.678283828	0.509126913	0.643816382	0.508022802	0.539861986	0.65719772	0.532217222	0.9448184820000001	0.966288629	0.9713051309999999	0.961764176	0.96579658	0.9176717670000001	0.930729073	0.9946234620000001	0.914215422	0.99810381
A31	0.97080108	0.9789618959999999	0.9692889290000001	0.94949895	0.923624362	0.957347735	0.996687669	0.985886589	0.9859945990000001	0.993735374	0.966060606	0.977221722	0.976717672	0.929084908	0.9249684970000001	0.980966097	0.9643324329999999	0.9783378340000001	0.998175818	0.566540654	0.547026703	0.586450645	0.627194719	0.7095709570000001	0.653645365	0.649216922	0.5664206420000001	0.639051905	0.184278428	0.17509751	0.0	0.257665767	0.574629463	0.669042904	0.547434743	0.702634263	0.57890189	0.6130813079999999	0.6957215720000001	0.594359436	0.9872667270000001	0.98559856	0.9655565559999999	0.9803900390000001	0.986078608	0.9679807979999999	0.9898949890000001	0.990567057	0.9270567059999999	0.985562556
A32	0.967920792	0.956879688	0.9723132309999999	0.943846385	0.8869966999999999	0.988946895	0.9902430240000001	0.983546355	0.899633963	0.958427843	0.932061206	0.959615962	0.9778817879999999	0.993975398	0.892985299	0.988070807	0.998247825	0.991551155	0.98049805	0.588154815	0.5592799279999999	0.611089109	0.610405041	0.630531053	0.649192919	0.659513951	0.579621962	0.585466547	0.200756076	0.254521452	0.257665767	0.0	0.640840084	0.7141194120000001	0.601548155	0.741350135	0.627746775	0.6077167720000001	0.752379238	0.6246144610000001	0.953075308	0.941554155	0.9998079809999999	0.98709871	0.957023702	0.896105611	0.947386739	0.977953795	0.8999099909999999	0.999159916
A33	0.8672667270000001	0.869150915	0.872451245	0.8571137109999999	0.8561056109999999	0.92570057	0.914179418	0.904314431	0.9620282029999999	0.937929793	0.963276328	0.98529853	0.986078608	0.970045005	0.946714671	0.949654965	0.9632643259999999	0.9787698770000001	0.957839784	0.9918631859999999	0.964272427	0.94439844	0.932613261	0.9187278729999999	0.871467147	0.873147315	0.9180918090000001	0.890021002	0.552487249	0.57269727	0.574629463	0.640840084	0.0	0.26977497699999997	0.22814281399999997	0.229966997	0.257065707	0.225970597	0.207932793	0.18123012300000002	0.519051905	0.580378038	0.489564956	0.544818482	0.608088809	0.579033903	0.5592559260000001	0.5293249320000001	0.548154815	0.565868587
A34	0.926072607	0.891221122	0.9180078009999999	0.919975998	0.885472547	0.9315571559999999	0.953375338	0.874227423	0.913279328	0.891977198	0.910339034	0.89230123	0.9293369340000001	0.924884488	0.954575458	0.942262226	0.980654065	0.990219022	0.958451845	0.9511551159999999	0.915607561	0.915715572	0.857137714	0.836387639	0.86559856	0.872139214	0.861782178	0.9255805579999999	0.60570057	0.678283828	0.669042904	0.7141194120000001	0.26977497699999997	0.0	0.308634863	0.228670867	0.312991299	0.207728773	0.22951095100000002	0.21628562899999998	0.60879688	0.56090009	0.587566757	0.561524152	0.640264026	0.561260126	0.656909691	0.64129613	0.578085809	0.630255026
A35	0.968928893	0.916675668	0.91369937	0.96390039	0.8888568859999999	0.986774677	0.9510231020000001	0.984914491	0.974257426	0.988358836	0.919375938	0.953351335	0.981062106	0.91889589	0.9645364540000001	0.951011101	0.959327933	0.9907110709999999	0.948190819	0.9448184820000001	0.940930093	0.9941914190000001	0.975361536	0.985238524	0.987494749	0.9975877590000001	0.9841344129999999	0.99049505	0.530369037	0.509126913	0.547434743	0.601548155	0.22814281399999997	0.308634863	0.0	0.262694269	0.240240024	0.198883888	0.277587759	0.229078908	0.620846085	0.632523252	0.625022502	0.579873987	0.717179718	0.635631563	0.643816382	0.6119291929999999	0.708826883	0.648280828
A36	0.95979598	0.9217881790000001	0.95369937	0.9898229820000001	0.9159675970000001	0.987170717	0.971941194	0.9279567959999999	0.965148515	0.949978998	0.9977677770000001	0.99909991	0.981446145	0.933045305	0.9611401140000001	0.9907110709999999	0.96660066	0.966384638	0.938217822	0.9239963999999999	0.9168916890000001	0.909666967	0.8807440740000001	0.887272727	0.87270327	0.904062406	0.874167417	0.8775397540000001	0.637863786	0.643816382	0.702634263	0.741350135	0.229966997	0.228670867	0.262694269	0.0	0.186450645	0.22831083100000002	0.213261326	0.170525053	0.64590459	0.590939094	0.599651965	0.628910891	0.703306331	0.624506451	0.679087909	0.616345635	0.642628263	0.623810381
A37	0.957215722	0.913915392	0.918319832	0.963240324	0.902874287	0.9886708670000001	0.9945394540000001	0.9419982	0.953843384	0.9354335429999999	0.943738374	0.982334233	0.9550915090000001	0.925124512	0.890549055	0.947818782	0.916291629	0.947554755	0.9890909090000001	0.981014101	0.989978998	0.9194119409999999	0.9928832879999999	0.98079808	0.999051905	0.999711971	0.975181518	0.957479748	0.567356736	0.508022802	0.57890189	0.627746775	0.257065707	0.312991299	0.240240024	0.186450645	0.0	0.22971497100000002	0.22019802	0.19243924399999998	0.651329133	0.643984398	0.605316532	0.60560456	0.690549055	0.6360036	0.687548755	0.63690369	0.679747975	0.680084008
A38	0.92309631	0.868874887	0.91960396	0.9151635159999999	0.8732553259999999	0.9632283229999999	0.911359136	0.8594419440000001	0.903486349	0.873723372	0.961368137	0.91450345	0.9083588359999999	0.9671767179999999	0.912847285	0.994419442	0.924872487	0.95990399	0.97929793	0.942346235	0.9967356740000001	0.9550915090000001	0.937245725	0.933513351	0.95259526	0.906294629	0.918667867	0.935505551	0.535109511	0.539861986	0.6130813079999999	0.6077167720000001	0.225970597	0.207728773	0.198883888	0.22831083100000002	0.22971497100000002	0.0	0.173789379	0.164092409	0.5519231920000001	0.584914491	0.565652565	0.549534953	0.634659466	0.583354335	0.627278728	0.583462346	0.60939694	0.57629763
A39	0.913663366	0.8429162920000001	0.872967297	0.870423042	0.8370117009999999	0.959543954	0.92609661	0.899237924	0.9135073509999999	0.879579958	0.9146114609999999	0.9241284129999999	0.909618962	0.916747675	0.91750375	0.9779177920000001	0.947446745	0.9767056709999999	0.997923792	0.892781278	0.877971797	0.871023102	0.852373237	0.8672307229999999	0.863378338	0.900654065	0.8499849979999999	0.838955896	0.6510291029999999	0.65719772	0.6957215720000001	0.752379238	0.207932793	0.22951095100000002	0.277587759	0.213261326	0.22019802	0.173789379	0.0	0.179645965	0.5745814579999999	0.570657066	0.5759976	0.591851185	0.657545755	0.600852085	0.64020402	0.6051245120000001	0.590807081	0.651077108
A40	0.926660666	0.918427843	0.9442184220000001	0.948646865	0.921680168	0.988694869	0.995151515	0.924656466	0.983042304	0.968520852	0.9711251129999999	0.977749775	0.9664566459999999	0.990951095	0.930453045	0.961812181	0.978277828	0.9452145209999999	0.920228023	0.9717611759999999	0.948082808	0.9066186620000001	0.924332433	0.910447045	0.909474947	0.909162916	0.91369937	0.9061866190000001	0.555739574	0.532217222	0.594359436	0.6246144610000001	0.18123012300000002	0.21628562899999998	0.229078908	0.170525053	0.19243924399999998	0.164092409	0.179645965	0.0	0.585190519	0.624038404	0.596039604	0.603828383	0.679531953	0.621326133	0.657845785	0.596663666	0.635775578	0.624734473
A41	0.573369337	0.49389739	0.556519652	0.534485449	0.528892889	0.530693069	0.502586259	0.821146115	0.8794239420000001	0.87660366	0.934173417	0.944746475	0.953483348	0.971485149	0.981218122	0.994011401	0.989582958	0.982670267	0.9467386740000001	0.774653465	0.76360036	0.7252565259999999	0.822346235	0.8446204620000001	0.782130213	0.701650165	0.6989618959999999	0.743918392	0.930765077	0.9448184820000001	0.9872667270000001	0.953075308	0.519051905	0.60879688	0.620846085	0.64590459	0.651329133	0.5519231920000001	0.5745814579999999	0.585190519	0.0	0.19145514600000002	0.149990999	0.17456945699999998	0.157611761	0.20272427199999998	0.167644764	0.142190219	0.171161116	0.158247825
A42	0.594731473	0.483708371	0.580630063	0.5596159620000001	0.5703330329999999	0.571785179	0.534017402	0.836627663	0.918631863	0.9502190220000001	0.998559856	0.973525353	0.992427243	0.9562436240000001	0.9864626459999999	0.998415842	0.968892889	0.985418542	0.946810681	0.792883288	0.820678068	0.7751935190000001	0.822970297	0.8103330329999999	0.8060846079999999	0.769252925	0.764632463	0.850213021	0.997407741	0.966288629	0.98559856	0.941554155	0.580378038	0.56090009	0.632523252	0.590939094	0.643984398	0.584914491	0.570657066	0.624038404	0.19145514600000002	0.0	0.14436243599999998	0.207152715	0.178973897	0.157191719	0.17082508300000002	0.194767477	0.156183618	0.16950495
A43	0.544974497	0.533921392	0.576453645	0.523972397	0.577065707	0.545550555	0.49914191399999996	0.799771977	0.91549955	0.907278728	0.9576357640000001	0.9910111009999999	0.9737893790000001	0.91840384	0.9986558659999999	0.9898229820000001	0.93860186	0.9871587159999999	0.9069186920000001	0.821170117	0.763936394	0.746138614	0.8034923490000001	0.820078008	0.7817821779999999	0.709810981	0.762592259	0.780450045	0.978829883	0.9713051309999999	0.9655565559999999	0.9998079809999999	0.489564956	0.587566757	0.625022502	0.599651965	0.605316532	0.565652565	0.5759976	0.596039604	0.149990999	0.14436243599999998	0.0	0.18418241800000001	0.17623762399999998	0.17389739	0.191227123	0.130945095	0.140354035	0.164128413
A44	0.59759976	0.492253225	0.5420702070000001	0.567368737	0.5751335129999999	0.577713771	0.55930393	0.8850765079999999	0.934149415	0.93620162	0.9904590459999999	0.974173417	0.986834683	0.9807260729999999	0.971077108	0.95009901	0.9369936990000001	0.898169817	0.96759676	0.879927993	0.8900090009999999	0.843720372	0.8579297929999999	0.964356436	0.8406240620000001	0.7626642659999999	0.820594059	0.8776837679999999	0.9437143709999999	0.961764176	0.9803900390000001	0.98709871	0.544818482	0.561524152	0.579873987	0.628910891	0.60560456	0.549534953	0.591851185	0.603828383	0.17456945699999998	0.207152715	0.18418241800000001	0.0	0.181986199	0.18807080699999998	0.222082208	0.141206121	0.20795679600000003	0.203576358
A45	0.545622562	0.483168317	0.5419982	0.48450045	0.549558956	0.50019802	0.500990099	0.8094449440000001	0.88819682	0.9017701770000001	0.951587159	0.9423942390000001	0.978049805	0.9436783679999999	0.922820282	0.962472247	0.97809781	0.9809060909999999	0.983270327	0.847392739	0.846228623	0.7943114309999999	0.86439844	0.898013801	0.872523252	0.7819861990000001	0.812121212	0.8291149109999999	0.9598199820000001	0.96579658	0.986078608	0.957023702	0.608088809	0.640264026	0.717179718	0.703306331	0.690549055	0.634659466	0.657545755	0.679531953	0.157611761	0.178973897	0.17623762399999998	0.181986199	0.0	0.181914191	0.17089709	0.14910291	0.15330333	0.18666666699999998
A46	0.584314431	0.53920192	0.636387639	0.618481848	0.611293129	0.605580558	0.540594059	0.869978998	0.9314371440000001	0.961680168	0.987482748	0.986318632	0.9865946590000001	0.9502910290000001	0.9655565559999999	0.977149715	0.973645365	0.936153615	0.9932313229999999	0.8424602459999999	0.792019202	0.789666967	0.859093909	0.87189919	0.820042004	0.747950795	0.788838884	0.849732973	0.934869487	0.9176717670000001	0.9679807979999999	0.896105611	0.579033903	0.561260126	0.635631563	0.624506451	0.6360036	0.583354335	0.600852085	0.621326133	0.20272427199999998	0.157191719	0.17389739	0.18807080699999998	0.181914191	0.0	0.229114911	0.163072307	0.131377138	0.18939093899999998
A47	0.563048305	0.504518452	0.54520252	0.541086109	0.5765256529999999	0.567548755	0.5290009	0.815577558	0.87390339	0.888412841	0.952283228	0.987758776	0.9975637559999999	0.986270627	0.903762376	0.885736574	0.952583258	0.94529853	0.9641644159999999	0.917023702	0.9163636359999999	0.8798919890000001	0.972589259	0.93989799	0.9105790579999999	0.8574617459999999	0.8710111009999999	0.931077108	0.954779478	0.930729073	0.9898949890000001	0.947386739	0.5592559260000001	0.656909691	0.643816382	0.679087909	0.687548755	0.627278728	0.64020402	0.657845785	0.167644764	0.17082508300000002	0.191227123	0.222082208	0.17089709	0.229114911	0.0	0.14076207599999999	0.22213021300000002	0.22138613899999998
A48	0.556927693	0.5123192320000001	0.57110111	0.543942394	0.555415542	0.563768377	0.5134233420000001	0.845016502	0.9332253229999999	0.9289288929999999	0.9779177920000001	0.988310831	0.9938193820000001	0.961980198	0.979861986	0.937713771	0.99630363	0.999051905	0.9595319529999999	0.851845185	0.838427843	0.8294869490000001	0.8622142209999999	0.892745275	0.813525353	0.7460786079999999	0.770417042	0.8317431740000001	0.9440144009999999	0.9946234620000001	0.990567057	0.977953795	0.5293249320000001	0.64129613	0.6119291929999999	0.616345635	0.63690369	0.583462346	0.6051245120000001	0.596663666	0.142190219	0.194767477	0.130945095	0.141206121	0.14910291	0.163072307	0.14076207599999999	0.0	0.176705671	0.17446144600000002
A49	0.515139514	0.498061806	0.582166217	0.544182418	0.560348035	0.539369937	0.513159316	0.824326433	0.865922592	0.91570357	0.9664566459999999	0.971017102	0.943030303	0.899429943	0.972037204	0.9802580259999999	0.9735373540000001	0.9902910290000001	0.9393819379999999	0.81059706	0.7578397840000001	0.7447584759999999	0.791347135	0.829894989	0.789474947	0.6801800179999999	0.72960096	0.7818181820000001	0.904890489	0.914215422	0.9270567059999999	0.8999099909999999	0.548154815	0.578085809	0.708826883	0.642628263	0.679747975	0.60939694	0.590807081	0.635775578	0.171161116	0.156183618	0.140354035	0.20795679600000003	0.15330333	0.131377138	0.22213021300000002	0.176705671	0.0	0.149294929
A50	0.528040804	0.448388839	0.525844584	0.52320432	0.49900990100000003	0.500390039	0.506810681	0.765532553	0.831467147	0.8580378040000001	0.921272127	0.904638464	0.921776178	0.885616562	0.946570657	0.96279628	0.959255926	0.9298169820000001	0.9819982	0.8761356140000001	0.853621362	0.8402880290000001	0.894065407	0.95409541	0.882652265	0.788682868	0.814473447	0.86079808	0.986654665	0.99810381	0.985562556	0.999159916	0.565868587	0.630255026	0.648280828	0.623810381	0.680084008	0.57629763	0.651077108	0.624734473	0.158247825	0.16950495	0.164128413	0.203576358	0.18666666699999998	0.18939093899999998	0.22138613899999998	0.17446144600000002	0.149294929	0.0
